-------------------------------------------------------------
Node Neu
-------------------------------------------------------------

länge: 6
Durchschnittlich: 345,374
https://be3f20e2trial-dev-pocnode-srv.cfapps.us10-001.hana.ondemand.com/listed-substance-content/ListedSubstances/$count?$filter=(LastChangeDateTime%20gt%202019-07-29T14:56:22Z)
360 320 327 327 320 327 325 322 902 322 323 318 393 321 324 322 327 320 326 327 328 324 334 332 391 320 324 329 331 328 328 327 330 324 332 333 117 363 326 331 324 319 367 327 326 328 325 114 325 349 324 325 319 379 334 328 333 332 330 325 328 363 325 329 323 328 328 324 320 325 323 321 328 361 330 330 333 326 333 339 328 327 330 322 322 357 328 435 327 326 323 330 328 330 330 333 327 466 381 329 334 329 366 332 544 322 326 330 327 1601 319 330 326 327 322 329 328 329 335 328 401 367 332 324 327 324 334 328 333 330 116 327 324 529 327 327 325 327 326 330 330 329 331 328 333 458 327 328 323 334 2439 331 331 333 336 329 353 349 330 325 334 324 326 329 324 417 329 328 325 357 327 328 328 328 326 324 376 326 337 335 329 367 329 321 327 334 324 357 331 406 328 329 332 368 331 324 322 326 332 328 333 332 332 324 326 357 323 330 332 332 325 323 335 324 328 334 330 366 326 327 332 445 325 326 331 327 388 328 327 368 320 330 353 328 327 332 325 323 323 327 328 355 326 330 326 324 328 329 333 328 329 321 324 354 334 320 328 330 323 324 322 328 331 332 325 367 409 335 327 332 327 329 328 328 331 332 330 560 327 323 326 327 328 324 331 331 328 333 952 349 322 320 330 332 326 328 325 322 323 329 327 465 322 331 331 324 328 334 332 392 329 332 328 391 322 322 324 323 325 322 322 361 365 381 322 359 321 321 321 319 329 329 320 442 329 321 324 392 318 327 328 322 326 327 436 331 329 336 323 374 327 325 327 322 324 324 329 324 328 326 327 404 322 329 320 329 326 329 324 320 331 329 331 354 332 323 325 328 428 335 327 329 336 323 327 473 327 333 333 455 325 329 336 322 325 325 324 366 325 324 324 326 326 387 328 326 328 325 325 398 325 323 327 326 327 327 324 325 325 327 329 353 324 431 328 334 333 334 116 329 325 329 323 359 387 328 116 327 326 370 335 325 323 329 332 326 322 326 326 332 322 362 329 335 328 319 334 330 329 338 319 331 333 446 335 346 401 337 333 336 332 336 333 324 375 554 331 327 340 336 337 332 336 335 330 331 573 341 327 333 329 332 332 337 335 332 334 554 460 332 



länge: 297728
Durchschnittlich: 510.858
https://be3f20e2trial-dev-pocnode-srv.cfapps.us10-001.hana.ondemand.com/listed-substance-content/ListedSubstances?$filter=((LastChangeDateTime%20gt%202019-07-29T14:56:22Z)%20and%20(ListedSubstanceReferenceUUID%20eq%20null))
1009 354 358 256 350 413 359 364 406 361 462 503 441 475 435 346 353 406 347 375 412 349 355 414 354 340 460 483 504 418 410 409 348 370 355 357 380 475 473 510 416 412 410 390 342 390 343 370 409 511 505 357 370 354 364 500 518 508 440 460 533 541 543 753 827 711 711 723 626 606 713 717 590 649 536 676 717 553 546 645 615 634 595 715 516 442 478 650 775 735 610 411 412 340 339 538 411 341 373 442 442 547 514 452 441 437 438 435 438 428 422 338 368 355 401 462 531 438 349 342 357 341 422 343 352 529 618 504 552 445 542 454 466 512 446 462 440 500 435 470 439 344 350 409 353 344 428 509 439 491 496 346 379 408 380 341 509 454 446 498 444 437 484 517 455 443 427 413 443 443 454 475 538 440 351 438 379 438 387 343 397 407 437 453 541 508 514 504 361 347 536 404 517 456 458 439 442 566 341 359 449 574 617 553 554 539 599 549 448 440 514 473 447 511 524 601 514 509 456 465 498 844 818 536 443 559 543 441 537 445 436 661 500 444 488 451 674 598 520 444 479 507 511 438 483 439 505 497 443 449 563 601 556 554 545 577 621 714 446 474 462 444 525 441 481 463 472 355 446 439 486 515 452 470 412 345 372 358 341 338 343 357 407 340 369 356 343 435 339 348 348 346 339 439 504 442 540 440 518 446 438 449 508 515 512 508 513 412 339 381 337 381 345 341 439 436 656 2027 1901 1764 1303 2493 1595 919 1024 1023 1319 1156 815 851 748 756 658 660 657 579 541 580 616 448 436 482 438 464 494 511 354 367 413 507 416 353 361 343 376 441 443 438 513 343 477 538 486 464 466 510 447 479 603 609 448 573 546 589 724 612 1062 575 916 757 651 664 1464 1170 932 806 791 647 646 583 547 582 552 538 545 513 513 488 437 508 411 408 408 341 379 410 346 341 440 454 443 741 553 470 442 489 498 434 552 651 534 491 439 454 436 514 507 617 510 515 509 440 482 735 493 398 842 721 501 442 435 432 432 510 442 444 462 442 470 441 874 538 640 653 634 622 542 540 539 518 512 512 511 614 510 511 438 447 776 496 504 514 435 483 482 343 344 370 354 343 438 404 408 407 367 353 407 344 372 405 515 510 616 513 441 481 442 477 513 915 



länge: 6603955
Durchschnittlich: 5831.23
https://be3f20e2trial-dev-pocnode-srv.cfapps.us10-001.hana.ondemand.com/listed-substance-content/ListedSubstances?$filter=((LastChangeDateTime%20gt%202019-07-29T14:56:22Z)%20and%20(ListedSubstanceReferenceUUID%20eq%20null))&$expand=ListedSubstanceNames
3779 3851 4949 5124 5508 5273 6554 5730 6095 4843 5791 6924 5883 4861 6602 7704 8008 6881 5284 5429 5417 5318 4755 4358 4399 6836 6560 6279 6257 9464 10497 5795 5568 6544 6533 6558 6810 6177 7835 9150 4980 4402 4664 6306 4868 4519 5215 5706 5546 5556 5575 5702 5457 5532 7694 4835 5387 5406 4911 4885 6555 4791 4572 4958 5362 6516 5645 5561 5623 5897 6598 6507 7530 8530 13468 9507 5423 3640 4714 5197 5120 5254 4976 8416 6032 5956 5902 5858 5807 5903 6121 5836 5828 8252 3823 4212 5247 5516 4775 4314 4310 4301 4286 4300 4317 4770 8388 5637 4086 4482 4616 4732 5133 5093 6525 5922 5505 7776 4629 4776 8028 4585 3294 3597 3793 4103 4989 6303 6307 8191 6501 4812 4585 4897 5322 6431 6107 6765 6381 6654 10114 8555 6293 6840 7417 5644 4835 7204 6125 4516 3608 3929 5086 7520 7326 6595 6223 8553 8598 8514 6803 6423 4825 3886 5493 5490 5490 6358 5528 5530 5527 5503 6725 7202 4785 4916 5102 6708 5801 5751 6891 6235 4814 3959 4287 4543 4531 4526 5349 7357 6300 6888 5507 4409 5311 5784 7399 6217 6416 6860 6173 6181 4816 4007 4336 4558 4940 7973 7277 8835 5696 5715 5698 7818 7640 7920 8006 7581 8445 5020 3472 4850 6398 4622 4514 4923 5435 5743 7306 7149 4632 3806 5402 5899 6097 7116 6232 6123 7384 5488 4721 5559 5801 5852 6269 6659 6101 6037 7609 6334 7249 6412 6279 6789 7459 5568 4008 4391 9806 6011 4985 4998 4957 4997 5618 6698 6987 7319 6599 6714 5839 9282 7404 4107 4410 5411 6577 8169 5284 3891 4208 5781 5740 5416 6684 5003 3933 4319 4931 6227 5766 5689 5706 5697 5693 5822 5640 5601 5592 8664 5472 3903 4238 5365 6440 6498 5960 5977 6754 7786 7132 5069 3769 4136 4316 4807 5662 4603 4694 4979 5000 7358 6795 6724 4812 3709 4011 4299 4220 4305 4304 4485 5737 5947 5513 5513 5512 5487 4794 4283 4301 5920 5804 6141 13440 9837 5815 5423 6509 6715 7098 5231 8211 5101 3794 4093 4311 4302 4359 4355 6092 5937 6981 7936 7811 8316 7678 10228 8971 6325 8338 7194 6827 6222 5652 6097 4608 4405 5211 5322 5315 7295 6127 4855 3597 4058 4212 4232 4238 4291 5899 4743 4476 7342 6962 6100 4930 4038 3736 6992 6037 4435 3905 4909 6633 5710 5610 5675 4821 4206 4236 4957 5356 12846 13201 12728 4619 4361 4520 4604 6205 5835 5809 7687 6159 3841 4220 6014 6205 5632 5614 5532 5583 6858 6565 6003 4890 4084 4431 4581 4595 4656 4575 4620 6080 9598 7549 5300 4495 6603 8519 5699 4024 5188 5417 7263 4716 3679 3989 4200 4605 5582 5289 5403 7054 7383 8851 4606 6573 8069 7807 7587 6210 6125 5089 6960 6618 7671 4918 3897 5584 5136 4612 4630 4191 4420 6959 6489 5258 5474 5307 5291 4711 4431 4407 4417 4416 4720 8155 6389 



länge: 328935
Durchschnittlich: 495.094
https://be3f20e2trial-dev-pocnode-srv.cfapps.us10-001.hana.ondemand.com/listed-substance-content/ListedSubstances?$filter=((LastChangeDateTime%20gt%202019-07-29T14:56:22Z)%20and%20(ListedSubstanceReferenceUUID%20ne%20null))
1016 355 348 350 351 346 453 545 539 445 448 440 439 443 440 437 441 489 439 436 442 434 341 342 340 341 443 441 535 537 538 540 536 540 440 438 455 442 441 1336 580 538 538 533 439 437 451 634 540 539 542 536 535 530 449 438 717 535 535 634 644 535 538 547 537 535 532 441 440 507 440 437 538 535 438 436 436 436 434 603 564 443 635 917 435 450 436 438 534 536 532 531 536 534 438 436 439 448 439 449 436 439 731 637 637 632 616 535 737 635 537 539 534 534 537 534 528 534 435 436 442 449 436 436 435 434 444 431 438 371 436 437 435 434 430 430 351 437 437 636 538 535 648 638 634 638 540 535 548 534 537 529 438 434 436 446 438 442 436 432 435 436 340 348 337 338 337 335 340 339 355 437 439 435 432 430 428 442 431 435 338 340 533 443 442 435 442 434 526 572 637 542 546 835 632 632 542 535 532 545 534 727 662 469 819 716 435 434 437 436 431 338 376 445 547 537 530 531 534 436 440 436 438 439 435 437 530 544 443 441 436 435 532 538 538 540 633 638 538 531 536 537 869 636 534 535 546 644 640 540 552 539 532 635 632 537 537 531 536 535 545 537 539 439 612 539 539 534 448 436 442 440 536 539 541 538 446 439 484 437 439 457 440 436 438 435 437 530 546 443 438 450 437 433 435 443 441 442 435 437 568 538 438 440 452 576 632 951 854 736 745 639 637 632 540 534 736 607 1246 630 539 533 542 535 542 532 536 438 441 438 449 438 442 535 529 532 1531 738 722 633 630 626 533 536 528 544 527 434 431 431 429 432 439 432 431 339 339 432 433 435 342 432 437 449 447 434 433 436 440 436 430 434 426 432 347 338 339 501 431 433 432 435 433 338 337 338 435 432 529 532 531 528 529 531 528 527 446 434 436 437 433 426 445 432 431 432 350 336 345 452 442 431 434 527 529 526 438 464 430 439 529 528 537 527 433 440 432 429 444 431 432 436 432 431 433 431 425 424 444 338 342 378 405 421 530 820 638 532 544 530 530 437 436 431 442 443 435 431 431 433 440 431 429 526 432 435 437 429 433 530 540 437 437 445 436 433 537 538 561 434 538 626 534 530 531 529 532 536 435 433 444 435 439 435 441 428 527 526 435 432 



länge: 24389691
Durchschnittlich: 14607.348
https://be3f20e2trial-dev-pocnode-srv.cfapps.us10-001.hana.ondemand.com/listed-substance-content/ListedSubstances?$filter=((LastChangeDateTime%20gt%202019-07-29T14:56:22Z)%20and%20(ListedSubstanceReferenceUUID%20ne%20null))&$expand=ListedSubstanceNames
8971 14436 16764 10263 13260 12513 18261 11316 15364 10756 11779 23360 19869 12846 18405 11688 12043 16089 20795 20392 13360 13604 16455 16083 16329 18416 19050 13729 14188 17578 13347 17279 11722 16654 21587 13573 20136 13651 11367 11967 14817 14071 15592 16454 15420 14769 14673 15368 22496 15059 14182 15490 19016 21385 14763 18226 18185 13854 12525 18015 17101 17991 10340 16857 12061 20094 19606 14982 14036 15388 12911 18267 13450 13289 12913 17657 9936 10670 12688 18353 14030 8759 12395 11894 19016 12827 7792 10270 13631 28167 23543 19796 17234 22216 26813 19797 18928 25306 19605 22443 20944 17221 26518 17772 23879 28427 17385 12516 21030 14835 24327 19323 25661 10502 13308 18117 12342 12507 12681 12037 16917 16443 16685 16097 19929 18228 20788 12649 13838 13796 13552 19949 15020 12537 12226 22427 15803 12125 19688 17845 15090 11745 19265 16386 15473 22092 12426 17047 9614 19440 17930 16185 16894 22866 15554 15126 20334 13228 15004 14391 20021 11500 12428 18372 21814 10956 13301 9164 19617 17019 13770 12864 19497 17609 16228 18446 9473 11408 16554 25205 13946 11258 14370 18167 18677 15684 21781 18178 12873 15483 12717 18819 25809 22210 20950 11882 12668 19705 16977 27003 22985 9208 10798 20443 17319 21057 22229 22544 17774 17808 15733 8343 13176 10823 10597 12337 8762 10505 12067 13327 15183 9192 14300 13080 12118 15689 16083 18923 19293 13848 13892 13608 19175 12434 10853 14293 19262 12337 12706 12122 10830 19067 11070 10907 12098 16850 17370 9212 12019 21766 14092 14461 13799 23059 15490 12226 12773 17112 13061 13284 11839 10079 16236 8089 8130 8656 12655 13583 12114 14543 14627 11439 15593 15109 9442 13844 20669 15053 10973 9967 13244 12484 11845 10474 13371 20029 12382 13805 11159 10457 14857 9619 12102 11759 12704 14216 10437 10173 10495 12707 14469 11969 11026 11167 14199 15097 10346 9900 13133 18204 14834 12138 13180 16236 21653 12429 10892 13985 15066 10230 13179 11025 19218 13095 12464 10203 10411 15409 9638 14135 17002 17045 13572 14070 10104 10273 20521 9890 8320 8452 8764 18931 10664 11324 14633 18862 9780 12536 11286 10638 17762 11348 12245 15028 14114 12803 9339 9462 10980 11114 10554 13186 11608 10759 12205 17726 12777 13100 11150 16300 10728 9774 15932 12489 16282 10473 10612 11947 15085 14265 11438 13821 12650 15092 10451 8954 15547 13968 16950 12437 9567 12564 10976 13682 10466 18268 13266 18420 10506 11189 13086 17695 14549 11793 10425 10487 20150 13572 10581 10887 11329 19182 11374 11926 11287 16086 12910 14018 10376 19151 13629 11208 10476 12070 18406 17284 12829 11706 19000 17624 12318 10245 14895 13861 9955 10401 10095 21711 9087 11248 10295 12680 14768 9510 9831 11651 13311 18133 10901 11670 10119 10057 15616 16300 11113 10130 13210 12119 11099 13744 13129 17466 14064 19517 15897 14736 9924 12001 13432 22044 12152 13621 14197 16370 12388 9225 14209 17599 20967 12429 10652 11599 13409 15111 15047 15695 13187 13299 14616 13612 19487 16642 14936 14932 17531 14416 11929 12291 16668 8368 



länge: 5
Durchschnittlich: 357.926
https://be3f20e2trial-dev-pocnode-srv.cfapps.us10-001.hana.ondemand.com/listed-substance-content/ListedSubstanceConditions/$count?$filter=(LastChangeDateTime%20gt%202019-07-29T14:56:22Z)
394 346 330 118 329 332 330 328 329 320 336 329 447 334 342 331 336 320 115 337 329 327 334 337 385 366 327 330 323 410 327 328 337 326 333 328 332 364 324 339 460 337 337 326 325 323 323 328 326 352 325 334 330 326 382 327 327 326 321 325 333 367 330 328 327 331 330 328 331 319 331 331 329 347 325 326 332 327 326 324 320 332 321 331 330 607 334 406 337 332 328 332 325 332 335 330 375 344 327 328 334 329 326 328 924 322 15346 348 318 320 320 323 325 332 320 322 323 319 326 345 318 322 327 323 330 319 328 320 327 319 328 342 321 326 330 320 325 326 327 380 317 325 318 368 327 325 320 321 326 318 320 327 321 325 320 371 319 321 115 327 320 115 321 327 322 323 321 319 339 117 323 320 326 319 329 320 318 319 320 328 347 325 320 320 456 326 319 321 324 332 321 325 363 317 329 392 326 325 318 330 324 322 330 322 345 326 328 327 322 319 329 320 320 323 320 321 344 325 335 322 328 114 326 328 316 318 319 324 335 329 321 331 319 318 325 318 325 327 320 325 359 321 330 320 326 319 114 319 319 115 323 324 319 340 316 318 320 316 324 317 322 320 324 323 318 355 324 321 327 319 324 117 329 320 327 327 328 320 353 116 324 318 325 324 324 335 321 324 317 327 404 322 319 321 324 325 327 317 320 318 320 325 505 324 318 320 324 319 117 335 321 317 324 321 318 402 327 321 319 320 323 321 320 317 324 320 116 382 354 323 321 318 318 361 324 324 317 116 324 489 322 326 325 326 327 329 318 322 323 320 327 455 322 320 320 319 317 321 325 319 318 318 319 411 327 320 326 320 325 322 320 327 325 320 324 367 324 317 327 322 327 323 321 325 114 322 326 114 382 322 320 321 318 321 319 319 324 322 324 321 399 321 323 328 319 325 323 319 319 329 322 321 397 322 323 320 320 321 325 320 326 323 318 321 342 326 321 321 324 348 327 323 322 321 326 326 349 319 324 326 323 319 321 327 323 317 320 349 454 323 321 320 323 325 327 321 324 323 323 323 365 319 317 325 317 322 319 115 321 323 319 317 350 326 321 323 322 317 320 316 114 325 322 318 361 322 323 323 317 322 324 2017 325 319 324 325 348 323 325 324 



länge: 174417
Durchschnittlich: 263.062
https://be3f20e2trial-dev-pocnode-srv.cfapps.us10-001.hana.ondemand.com/listed-substance-content/ListedSubstanceConditions?$filter=((LastChangeDateTime%20gt%202019-07-29T14:56:22Z))
666 244 473 470 335 234 325 233 235 234 233 232 231 230 231 230 248 230 232 234 232 235 232 232 232 232 325 328 230 233 231 237 233 235 231 232 230 326 327 328 325 328 325 322 324 232 333 230 232 229 231 230 233 232 232 231 232 233 232 246 234 231 236 232 232 234 232 230 230 232 329 329 235 232 231 232 230 229 242 233 231 233 232 334 358 326 330 323 323 232 231 336 231 233 233 233 235 239 231 236 231 231 232 231 232 234 231 229 233 233 230 230 234 230 231 325 326 233 236 234 230 232 234 326 328 326 329 329 325 326 327 330 331 325 325 324 327 232 235 234 232 230 232 232 230 325 326 325 328 322 323 238 238 237 246 234 239 249 242 236 239 233 240 231 237 230 246 230 231 231 231 231 233 229 233 325 326 326 322 235 232 233 232 229 239 233 233 234 231 233 243 236 232 230 235 244 230 231 230 232 232 233 233 230 231 230 235 267 324 230 232 233 233 231 230 234 231 329 330 335 341 334 326 323 329 414 360 351 455 406 267 346 342 241 308 235 233 233 230 231 230 231 232 231 232 232 235 232 228 327 327 327 234 236 232 231 233 231 236 233 232 236 232 253 230 229 235 233 236 231 233 238 329 328 326 325 330 232 234 237 233 233 231 235 235 233 237 248 233 234 251 237 233 233 233 233 234 231 235 328 330 334 232 238 240 330 342 330 339 337 334 331 335 333 335 331 331 331 328 334 330 238 233 237 233 235 233 233 235 235 232 235 232 231 328 327 326 329 232 234 235 232 236 232 234 302 232 234 238 234 232 234 242 234 233 234 233 231 232 236 236 233 233 232 231 233 233 236 235 231 232 237 235 331 329 234 237 233 233 232 231 233 233 242 323 330 330 328 326 326 234 236 233 232 238 231 234 308 239 233 231 234 234 233 238 234 229 232 232 232 232 239 241 233 231 235 236 233 234 330 342 232 230 235 234 237 236 231 233 231 235 233 232 254 237 326 332 328 326 234 232 244 233 233 235 231 233 232 232 236 234 232 231 233 235 231 240 233 286 390 413 408 419 280 273 266 275 274 274 239 310 775 333 330 330 329 329 336 328 327 328 325 331 329 232 239 232 234 234 231 235 232 235 230 230 230 233 232 232 232 



-------------------------------------------------------------
NODE ALT
-------------------------------------------------------------


länge: 6
Durchschnittlich: 335.806
https://be3f20e2trial-dev-pocnode-srv.cfapps.us10-001.hana.ondemand.com/listed-substance-content/ListedSubstances/$count?$filter=(LastChangeDateTime%20gt%202019-07-29T14:56:22Z)
328 331 339 328 337 338 336 330 399 336 336 371 336 345 330 321 328 355 337 331 333 327 335 447 417 329 329 338 346 322 339 325 330 330 341 363 337 330 338 325 341 330 345 339 325 328 325 355 328 321 336 330 328 503 331 340 325 327 333 357 331 333 338 332 316 332 328 321 332 328 322 463 329 330 325 333 319 330 329 331 336 330 443 364 326 331 330 326 334 321 330 325 327 332 336 351 341 328 650 330 331 327 328 335 332 329 333 348 319 533 326 370 330 327 333 324 321 323 319 361 115 322 331 337 324 329 334 324 330 334 322 342 319 321 321 329 327 335 320 320 414 328 116 688 319 325 316 328 331 116 331 325 323 329 454 317 384 323 330 330 334 327 337 325 330 331 327 324 356 329 326 320 321 322 335 331 333 336 318 324 443 337 319 335 337 321 321 319 591 320 331 334 355 347 332 331 321 394 359 591 318 331 328 325 332 321 324 324 370 322 456 338 341 317 324 324 324 336 324 325 322 322 362 324 326 320 331 329 329 315 324 114 328 320 328 322 323 113 318 320 375 322 331 328 667 327 322 337 334 323 334 329 362 334 325 569 332 330 327 331 332 324 327 325 352 324 336 324 330 331 331 325 325 562 330 327 370 332 321 326 330 325 329 327 330 332 334 327 369 552 323 322 335 337 341 327 322 324 328 334 684 325 329 324 324 320 322 326 339 325 329 393 346 336 338 333 334 330 333 321 326 322 338 327 345 333 332 319 325 333 328 326 330 333 318 329 344 331 328 328 331 319 351 334 327 488 336 328 328 333 116 324 328 332 343 114 467 324 322 321 326 328 317 328 318 337 347 327 327 325 332 333 331 115 331 325 329 335 362 320 330 320 328 335 332 326 114 320 333 317 353 324 326 330 331 334 324 321 321 319 327 425 358 335 328 331 322 328 333 325 333 322 115 506 350 331 322 319 328 328 321 334 328 326 117 327 398 332 332 324 325 338 335 331 330 694 114 324 363 335 337 324 325 326 325 316 415 322 324 318 359 325 327 312 322 332 333 326 336 118 337 329 366 331 326 116 327 321 323 327 326 331 333 332 362 323 320 414 327 320 681 329 325 321 335 332 371 322 327 334 325 382 321 327 330 319 319 333 347 329 

länge: 297728
Durchschnittlich: 536.544
https://be3f20e2trial-dev-pocnode-srv.cfapps.us10-001.hana.ondemand.com/listed-substance-content/ListedSubstances?$filter=((LastChangeDateTime%20gt%202019-07-29T14:56:22Z)%20and%20(ListedSubstanceReferenceUUID%20eq%20null))
780 384 355 241 340 341 445 338 347 436 451 447 443 438 778 935 788 751 444 449 441 436 440 445 435 457 434 444 341 344 340 342 341 344 451 443 438 439 433 438 439 447 439 440 449 440 535 782 638 635 648 543 544 539 543 537 602 449 441 441 438 439 435 537 546 440 442 442 438 438 437 536 542 458 439 438 436 435 437 439 445 438 442 554 449 1181 539 550 539 538 538 454 588 545 541 543 646 638 542 537 537 532 532 532 450 436 437 437 436 439 447 647 544 682 1239 682 535 538 737 634 535 545 943 772 744 740 638 640 639 2022 1656 1792 945 1401 840 741 741 654 639 646 554 539 538 537 655 640 539 531 537 535 447 440 442 444 438 439 452 435 442 544 511 538 442 440 438 432 435 538 533 880 639 537 1276 645 637 941 743 636 642 746 739 637 642 637 539 537 535 551 531 441 635 538 541 539 439 440 442 441 444 442 633 541 535 438 444 437 909 613 966 948 638 565 548 536 543 539 533 549 439 437 439 441 439 573 735 642 638 638 539 537 539 536 441 439 438 440 438 435 444 435 439 430 340 438 438 438 432 434 340 452 444 440 436 435 437 437 443 439 438 535 438 439 438 535 533 545 542 438 441 437 437 439 685 536 544 439 693 538 854 642 640 650 540 542 940 642 542 539 551 536 534 538 541 882 633 539 652 660 635 544 538 537 534 454 441 436 452 438 438 434 436 436 533 445 439 437 435 437 432 436 435 558 564 688 657 434 434 434 432 440 446 538 436 495 456 540 538 638 647 542 541 541 538 536 537 438 438 440 441 435 434 435 439 434 448 341 769 438 440 542 537 940 637 645 545 542 540 551 536 439 441 439 442 435 435 436 534 537 439 439 443 445 446 439 439 437 434 440 437 647 552 635 546 539 536 792 637 538 540 549 535 540 534 534 445 442 448 438 435 434 436 539 532 534 543 536 536 537 546 535 447 437 447 439 438 537 779 842 846 747 653 641 638 675 647 800 809 991 855 538 539 538 559 641 538 542 536 538 561 440 443 438 438 437 543 537 533 440 434 438 440 562 555 538 439 438 444 436 438 444 437 438 436 435 439 438 537 440 669 542 537 541 537 536 447 442 454 437 441 436 449 447 545 553 440 439 433 438 439 438 

länge: 6603955
Durchschnittlich: 5402.714
https://be3f20e2trial-dev-pocnode-srv.cfapps.us10-001.hana.ondemand.com/listed-substance-content/ListedSubstances?$filter=((LastChangeDateTime%20gt%202019-07-29T14:56:22Z)%20and%20(ListedSubstanceReferenceUUID%20eq%20null))&$expand=ListedSubstanceNames
3934 4936 5088 4558 4884 6065 5056 5283 8510 8102 6252 6249 7817 8413 9020 5746 3876 4571 6940 6457 7108 8485 8032 6446 3182 4687 7900 6914 6718 6365 7026 7939 10539 9215 10944 8813 8320 7145 5926 9924 5550 7027 6224 4748 5146 4941 5438 6113 5534 8045 8007 4969 3759 5850 4647 3952 5612 5715 6120 7247 6733 5048 5195 5522 6027 4790 5438 4517 4086 4441 6568 5650 4853 5142 5381 4564 4818 7106 6335 5634 5817 5124 4028 5647 5506 5567 5340 6278 4559 5038 5308 5236 8044 6073 4764 4749 4739 4891 4764 4737 4640 6222 6903 7318 5927 6498 4950 3956 4253 4361 4272 4334 4248 4274 6049 7719 6407 4638 6198 5813 5398 4589 4753 4785 4748 6413 8371 5756 4439 4432 4951 5831 6329 6528 6310 6127 7257 5675 4737 5265 4925 5384 6072 5016 8377 4196 4352 8000 6006 5547 7559 4254 4749 5954 5560 5672 5279 7946 5489 3827 4126 4332 4343 4378 6023 6553 6296 5054 6183 6932 7063 5574 5429 5418 5424 5789 6551 4565 3275 5888 5025 3589 3739 4471 4700 4565 4546 6394 5923 6315 9104 6643 5273 4988 5974 5753 4939 5863 5518 7100 4346 5917 5667 4749 4310 4252 6447 4782 3991 5001 4888 4686 4660 7199 4456 2664 3437 4085 5464 4565 3073 3759 4061 4351 6730 4549 7256 5781 4152 4539 4849 4732 4739 4743 4877 7508 5033 3573 6696 5958 4874 4064 4849 5612 4612 4744 5053 5067 5843 6281 6448 5531 3389 4567 5769 6339 6268 4891 5287 5245 7125 5232 4653 4631 4646 4636 4781 4641 4661 4656 4667 4671 5491 5708 5547 5564 4751 6003 5443 5729 5497 4754 4244 4150 5591 5156 5177 4539 4359 4358 4345 5427 5644 5644 5706 5953 6417 5631 5622 5668 4948 4369 4504 4444 4438 6149 4703 5265 5541 5225 5263 4619 4352 4347 6185 4553 3740 4049 4213 9449 4931 4181 3669 3715 4743 5150 5127 6501 5195 4862 4877 6669 6145 4880 4957 4863 4852 4472 3586 4808 6806 6156 5260 6722 6065 5463 6125 5512 4971 6171 6309 4696 5457 7396 6328 7387 6553 6051 6083 4842 4122 4368 4559 4812 6737 4440 4799 4958 4958 4870 4932 6956 6418 5869 6960 4293 3349 3661 4116 4232 5701 5735 5743 5725 5899 4916 4517 7775 4662 4962 5330 5152 5177 4555 4403 3968 4257 4288 4274 6156 5508 5503 5638 4758 4250 4231 4329 5857 5630 5832 7834 6226 4955 5969 6260 6054 4861 4037 4454 4089 4353 5124 5533 5368 4789 4445 4506 7292 5379 4350 6524 6036 5346 7856 6230 5561 4835 5142 5018 5071 5042 5048 5000 6585 5938 3686 3085 3398 3898 4083 4798 4475 6548 6052 6040 6285 6060 5942 4835 4051 4363 4583 5297 4845 4833 4856 4796 4372 7807 5166 3881 4257 4440 4451 4544 4431 5657 5777 4844 2981 5812 6473 7209 4558 3453 4826 4436 3865 4051 4262 4249 4250 4245 8590 4194 3183 4306 4690 7205 8023 

länge: 328935
Durchschnittlich: 466.578
https://be3f20e2trial-dev-pocnode-srv.cfapps.us10-001.hana.ondemand.com/listed-substance-content/ListedSubstances?$filter=((LastChangeDateTime%20gt%202019-07-29T14:56:22Z)%20and%20(ListedSubstanceReferenceUUID%20ne%20null))
878 353 260 345 343 343 441 435 437 449 346 443 537 443 438 447 445 534 548 534 444 446 440 438 439 438 442 435 441 852 539 441 527 632 972 765 534 441 440 441 440 439 447 438 442 442 447 439 444 438 503 644 343 536 442 441 438 532 537 544 442 442 441 439 436 439 441 454 441 443 449 540 439 449 442 438 439 443 435 445 444 438 437 436 438 439 441 343 343 441 526 441 436 435 432 342 349 442 443 448 443 440 440 448 444 757 539 440 441 436 440 441 435 439 536 538 441 442 446 491 497 440 440 447 438 440 435 454 442 440 445 436 343 353 444 440 439 471 448 435 447 439 439 443 438 438 448 438 439 439 443 538 445 441 441 436 442 444 501 441 551 444 438 588 943 975 863 444 446 443 440 442 446 438 440 440 439 438 437 446 440 343 344 342 341 418 351 491 341 437 440 440 442 449 441 435 441 439 440 453 540 444 444 438 437 446 441 439 437 434 439 435 444 440 439 441 345 339 467 442 443 442 439 434 435 339 443 536 440 440 439 445 437 442 560 536 438 543 541 539 539 539 543 537 442 440 442 438 443 442 436 434 448 537 450 564 432 440 540 535 535 449 447 440 439 443 441 446 437 436 434 442 434 398 354 344 340 440 445 440 436 437 434 441 442 441 439 452 438 448 439 454 433 450 498 754 448 742 447 439 438 442 543 536 441 439 444 439 438 437 441 438 439 436 446 536 441 438 439 436 447 440 431 468 510 438 435 450 444 436 436 341 343 450 438 439 435 440 535 534 448 446 438 442 437 439 437 447 439 439 437 441 538 442 443 493 436 533 539 538 441 440 459 439 437 440 442 439 556 534 442 439 439 554 542 543 644 637 640 542 593 535 540 538 532 444 442 445 645 545 541 544 438 438 436 447 450 445 438 439 446 537 542 447 438 436 465 439 441 449 443 444 535 534 439 458 447 439 535 547 568 987 1026 816 443 445 438 440 438 438 451 438 438 613 440 439 434 441 453 448 437 435 437 434 437 438 437 437 442 439 444 439 610 437 435 437 534 442 442 445 437 441 441 435 439 451 487 433 437 438 339 339 449 443 440 439 439 433 435 352 440 532 447 453 439 452 440 435 441 437 438 436 875 643 640 642 544 537 542 538 

länge: 24389691
Durchschnittlich: 17462.224
https://be3f20e2trial-dev-pocnode-srv.cfapps.us10-001.hana.ondemand.com/listed-substance-content/ListedSubstances?$filter=((LastChangeDateTime%20gt%202019-07-29T14:56:22Z)%20and%20(ListedSubstanceReferenceUUID%20ne%20null))&$expand=ListedSubstanceNames
14282 17590 14317 13938 13992 23645 15666 14507 20311 15567 16606 20993 17578 16713 16065 18038 16018 16620 17981 21411 15897 14664 18456 10097 11581 12146 18478 17581 18804 21615 15297 13798 13715 12402 17398 12727 18410 9132 19321 13642 14210 11669 16422 10863 12998 14464 20220 15167 11575 17226 20972 19275 17121 16882 16238 16113 15639 19482 23455 19220 19506 16627 16408 20566 13850 19142 25286 17933 17214 12255 18713 23459 17476 21027 19118 16457 22276 15998 14507 17426 15339 18568 15232 19529 13484 15464 12999 20588 18225 14967 23224 19882 17601 23049 11977 15083 13492 17314 20082 12649 22271 17964 13399 13454 27135 16548 19001 33657 26553 28719 32881 21556 17844 16805 21651 29872 26084 22716 18998 25213 15460 13307 12855 20673 11387 16670 10746 15644 9768 15785 15498 18661 13790 15819 17256 19387 12902 15237 15750 13634 13865 15950 13917 17599 16475 14339 22722 15752 13014 14868 25461 18081 12325 18397 16256 14716 20678 14480 11682 11743 12319 28679 20572 13695 17726 13448 15655 29983 21251 27254 13272 15314 23246 16791 8490 16235 10792 18585 22586 14926 14481 16246 9347 16004 18268 16955 8774 13115 13353 12129 15976 10421 12949 11903 22919 18377 17388 22752 16323 15162 12928 23697 11907 11165 12783 18959 16238 17230 21525 25520 28383 22075 10251 15816 21353 15445 16298 23880 12887 13492 12357 20401 12963 15067 15480 18093 22195 20213 18811 11281 15246 12793 18060 13159 18507 14692 19140 13425 22024 19447 15753 15567 17046 16096 13224 16902 19363 17642 18097 15308 26353 25097 14372 17832 15492 14374 13367 15831 18096 21068 29668 13756 20441 14418 14010 30760 23208 21958 21996 21099 11055 21282 19695 20079 14367 18360 13969 21059 24753 21163 13694 15345 21873 16011 11707 19806 10371 15402 18918 25502 34152 19835 12274 19881 19598 19968 28226 26102 19563 15015 17985 14846 19086 18850 11052 16465 31472 19453 12964 14660 18275 17201 16722 20142 9408 11284 14228 20946 9567 13177 21040 19287 21242 18134 21793 10814 11493 15538 11848 31417 29156 15883 14634 17828 8421 18256 11265 13641 13493 16885 16005 14780 10198 12296 13323 11422 20645 24752 12142 25322 19806 13415 15848 17137 21716 21538 17194 20454 15759 20856 20981 16149 18247 25973 20357 15877 20185 16507 11703 17368 24756 14807 34962 17349 21378 16948 18521 14573 16600 23356 19026 21144 17375 22003 32359 14847 25494 17386 21074 14250 15538 15303 14711 19698 23159 19091 16620 10056 16754 18191 12390 13767 14286 12337 12848 13010 17983 14530 15127 15011 19457 14062 19498 21325 17498 16290 18419 21028 13768 17149 26665 15270 12298 20038 20429 9807 16884 20343 20528 28441 14083 16886 19664 18174 15615 26375 24777 24740 16835 15765 13420 13944 12563 20957 11320 17207 15771 14276 16134 11131 12363 18783 15918 16882 15447 20893 12470 16502 19318 12571 9418 15205 18159 19298 17289 20720 17766 20091 13371 23146 16152 15265 25184 22997 24514 24614 18019 20295 13680 13415 14930 15772 12708 13951 16887 20642 13315 17596 18946 18236 16826 13842 19142 19985 18559 12595 17573 14920 26722 21824 

länge: 5
Durchschnittlich: 335.276
https://be3f20e2trial-dev-pocnode-srv.cfapps.us10-001.hana.ondemand.com/listed-substance-content/ListedSubstanceConditions/$count?$filter=(LastChangeDateTime%20gt%202019-07-29T14:56:22Z)
398 324 380 324 116 321 328 381 321 320 330 329 458 319 327 328 323 320 592 325 329 326 330 322 362 333 323 328 327 569 324 329 326 332 322 330 346 328 327 328 330 119 324 321 325 325 331 113 372 333 325 331 330 332 332 324 332 321 326 322 364 322 327 718 323 321 332 320 322 328 321 331 364 326 452 327 326 1326 326 329 325 325 337 403 351 430 323 327 330 328 330 323 328 327 322 332 367 327 321 333 326 329 330 325 334 329 325 322 364 327 329 325 331 321 325 323 331 115 328 325 360 319 324 317 328 324 334 328 321 327 510 320 348 321 348 324 322 329 360 318 328 319 327 327 332 330 329 416 323 326 363 120 328 329 328 325 320 331 326 334 333 322 114 348 617 321 325 321 325 314 320 328 321 326 328 422 364 328 327 329 324 328 326 328 330 326 322 350 323 324 323 324 326 326 324 320 322 326 320 355 322 323 319 327 324 330 323 325 322 432 406 358 326 329 321 338 324 328 330 330 353 328 323 346 327 327 325 324 326 327 326 346 323 325 325 380 348 327 328 327 330 331 328 326 327 329 322 361 324 320 324 327 327 325 521 328 321 445 325 344 321 324 330 323 328 570 324 327 316 333 326 324 321 326 323 328 472 338 320 318 327 325 328 322 321 332 328 328 334 345 329 319 327 329 322 324 324 325 435 324 322 361 114 326 325 327 319 323 332 319 428 328 323 118 342 322 327 324 320 328 432 457 322 319 333 322 155 335 329 327 320 322 324 351 345 320 329 323 325 328 330 328 330 326 326 114 345 330 327 329 328 332 364 325 321 688 328 323 325 327 318 331 329 329 358 323 196 320 325 328 322 326 328 325 319 324 357 316 324 327 331 332 355 328 325 326 327 334 390 321 327 535 325 321 330 116 327 323 324 318 358 322 328 325 329 364 329 319 324 322 320 353 344 329 326 330 325 332 325 329 328 327 320 330 346 321 323 330 323 329 322 324 320 376 333 328 359 326 329 328 329 323 339 322 323 534 322 329 360 324 343 322 332 323 322 334 551 315 321 326 351 320 331 327 328 324 326 429 325 317 334 326 340 332 328 333 326 334 325 328 333 325 324 330 340 333 325 329 328 340 330 334 330 331 326 320 346 321 323 328 

länge: 174417
Durchschnittlich: 268.07
https://be3f20e2trial-dev-pocnode-srv.cfapps.us10-001.hana.ondemand.com/listed-substance-content/ListedSubstanceConditions?$filter=((LastChangeDateTime%20gt%202019-07-29T14:56:22Z))
754 252 681 143 478 570 329 235 237 234 239 237 234 246 237 237 235 246 238 237 239 235 237 233 236 239 235 332 364 330 234 237 238 237 238 233 237 234 239 335 334 335 332 332 330 328 329 239 328 240 233 235 261 236 241 236 239 238 234 234 235 237 237 235 240 237 236 237 234 234 237 237 244 238 230 236 232 239 234 235 333 235 236 240 240 233 394 330 348 334 328 371 328 329 328 330 326 241 235 239 362 236 236 233 238 235 237 239 233 234 234 234 233 232 234 234 234 237 331 330 235 236 234 236 236 234 236 234 232 229 234 232 233 236 234 233 234 238 234 232 232 232 233 285 327 343 242 232 236 235 239 235 236 235 233 238 234 236 238 235 234 326 330 330 330 338 243 232 237 234 235 234 234 237 236 235 251 235 251 239 232 237 237 236 235 237 337 331 332 337 235 239 242 235 234 237 235 233 235 237 234 236 320 236 234 235 249 237 232 237 233 243 275 239 324 415 402 271 343 310 281 428 310 234 236 233 241 233 233 232 239 236 232 233 235 235 239 237 339 337 329 333 331 239 239 233 236 232 246 236 233 236 234 334 335 333 332 404 328 325 234 237 240 236 239 240 235 235 240 237 232 238 234 333 340 329 335 328 331 328 235 231 234 237 235 232 239 234 233 241 234 232 240 232 260 237 234 235 235 234 235 237 241 235 232 233 235 234 234 272 335 425 332 331 329 331 333 331 330 328 331 431 332 332 331 328 331 332 332 335 330 331 329 404 344 327 329 328 334 329 326 329 328 233 233 234 233 233 233 238 234 234 232 236 238 236 232 232 231 234 232 231 249 234 232 234 234 231 234 335 327 232 231 234 234 233 232 231 236 233 235 232 241 234 230 232 231 330 330 327 232 231 231 232 233 229 231 232 232 231 230 234 230 230 235 231 234 231 328 328 375 329 231 232 229 232 232 235 229 231 230 233 241 230 232 236 231 230 330 327 328 325 325 492 643 684 333 332 331 328 330 331 331 331 328 329 330 459 337 326 330 330 335 237 231 232 236 234 237 235 233 237 238 233 233 232 232 232 232 329 329 326 234 233 236 235 230 235 232 231 236 234 237 231 232 230 232 234 247 231 234 233 233 233 231 235 265 231 232 233 


-------------------------------------------------------------
JAVA NEU
-------------------------------------------------------------

länge: 6
Durchschnittlich: 338,282
https://ContentService-srv-stellar-parrot-hp.cfapps.us10-001.hana.ondemand.com/api/ListedSubstanceContentService/ListedSubstances/$count?$filter=(LastChangeDateTime%20gt%202019-07-29T14:56:22Z)
759 412 358 388 362 360 340 335 342 338 455 483 337 124 333 356 343 341 341 381 349 389 338 381 326 358 341 338 327 416 419 339 351 339 336 458 337 329 322 336 334 602 332 331 341 324 343 369 334 380 329 346 407 338 338 334 334 331 325 336 329 326 323 332 321 419 316 331 327 320 319 326 341 326 324 337 333 457 388 332 332 327 327 346 328 325 448 319 316 401 333 119 330 321 329 327 320 339 345 334 322 115 360 338 326 321 329 437 333 325 332 322 335 320 366 325 323 325 326 345 323 331 324 400 325 338 353 334 337 329 324 502 339 117 321 326 322 322 352 349 323 331 323 323 317 331 319 335 325 333 373 332 325 569 337 330 364 329 327 114 318 325 451 325 325 330 329 334 368 320 324 117 322 319 334 324 350 342 330 328 384 337 331 328 331 335 335 615 326 333 326 340 370 326 339 327 324 334 408 323 376 327 330 322 388 330 327 329 337 326 328 336 329 322 321 325 544 328 332 327 333 334 340 318 325 324 333 332 360 319 331 328 388 325 323 334 330 327 113 324 350 326 328 346 326 320 326 327 335 117 326 328 364 328 333 334 329 323 325 114 324 323 325 326 426 333 321 323 314 318 358 339 346 329 113 325 328 526 331 321 324 335 371 324 328 333 335 328 373 331 334 327 320 491 365 327 328 322 328 392 324 324 329 335 334 368 396 328 327 325 331 326 361 334 334 325 332 327 328 331 326 322 334 332 364 328 327 333 334 327 329 328 116 579 318 113 370 336 327 319 327 333 322 317 592 324 325 332 470 331 321 433 321 325 321 331 376 321 327 323 359 350 324 319 315 327 322 320 323 320 323 333 340 329 336 329 386 337 609 323 442 328 336 327 366 337 334 321 331 125 337 323 321 326 320 325 372 323 314 330 391 325 331 327 323 329 333 331 372 441 331 333 326 325 329 330 327 338 336 327 359 328 325 365 329 331 337 323 335 328 332 326 363 330 603 333 327 327 499 334 332 334 333 336 369 482 329 324 333 330 328 323 332 335 325 325 354 322 320 322 329 329 330 333 322 324 332 395 370 327 333 332 326 322 334 327 334 331 331 318 114 348 325 328 324 321 329 355 331 322 479 326 319 357 332 328 354 329 332 114 



länge: 297805
Durchschnittlich: 389,316
https://ContentService-srv-stellar-parrot-hp.cfapps.us10-001.hana.ondemand.com/api/ListedSubstanceContentService/ListedSubstances?$filter=((LastChangeDateTime%20gt%202019-07-29T14:56:22Z)%20and%20(ListedSubstanceReferenceUUID%20eq%20null))
872 447 410 525 592 635 330 327 329 328 528 334 324 323 420 417 327 421 425 425 428 425 425 423 423 425 424 431 531 430 431 428 429 433 427 424 419 426 431 522 436 424 421 425 424 424 430 427 423 427 420 421 422 328 328 325 328 328 325 324 327 330 327 331 329 326 324 327 327 324 424 327 331 332 326 424 422 420 429 432 522 429 427 424 423 422 426 424 617 427 421 423 328 327 327 327 329 329 329 330 329 427 422 424 327 327 331 328 329 324 328 425 426 427 423 431 427 432 441 431 439 426 427 427 426 425 424 422 423 325 329 329 328 330 330 329 328 327 331 334 330 328 424 326 323 347 327 326 349 426 421 429 526 856 830 1002 735 526 528 523 427 426 430 620 427 423 434 422 426 329 326 323 323 322 320 320 330 328 325 326 324 322 323 320 322 329 330 330 330 327 333 325 329 326 326 324 328 327 327 323 326 324 323 321 424 327 327 331 327 323 327 324 837 425 424 328 330 330 323 331 330 326 330 333 324 328 326 325 326 322 324 324 330 326 327 425 324 329 329 324 322 327 324 429 424 426 426 331 328 328 323 325 433 327 323 420 425 420 423 423 324 325 328 325 327 327 330 327 328 327 330 326 329 325 325 331 322 330 326 324 325 323 324 327 326 325 326 321 327 328 332 427 629 532 528 528 528 523 429 428 422 430 426 423 630 526 427 428 427 424 467 525 507 731 614 636 426 422 423 329 328 329 327 328 331 327 327 330 426 422 535 333 330 328 326 327 325 323 327 326 325 324 327 326 329 328 336 326 331 331 331 330 325 328 523 720 628 628 624 532 523 527 523 428 426 427 424 425 424 427 425 420 426 326 326 327 323 323 322 322 328 329 325 330 425 418 329 327 330 333 328 428 427 423 426 427 336 327 327 328 326 327 328 328 330 326 326 326 327 326 326 324 468 322 322 323 326 421 423 328 326 328 326 326 323 326 323 325 326 322 325 326 323 323 324 334 324 323 323 320 326 323 325 321 318 339 327 325 418 427 429 424 425 424 427 419 426 424 423 326 327 325 323 327 329 322 326 327 324 321 418 720 467 570 1421 429 421 420 421 418 417 424 416 526 428 425 420 419 422 422 422 528 511 424 433 424 421 426 424 421 



länge: 6604032
Durchschnittlich: 18908,096
https://ContentService-srv-stellar-parrot-hp.cfapps.us10-001.hana.ondemand.com/api/ListedSubstanceContentService/ListedSubstances?$filter=((LastChangeDateTime%20gt%202019-07-29T14:56:22Z)%20and%20(ListedSubstanceReferenceUUID%20eq%20null))&$expand=ListedSubstanceNames
18431 18191 18391 21621 19085 18118 17924 20200 19111 19716 18392 20373 22791 18992 16942 16370 16529 17293 17300 19015 19604 17248 18921 17770 19017 16426 17368 17509 17937 19856 19704 18109 17569 19000 18607 15902 17176 17419 16447 16625 16969 20050 18991 18859 21375 20602 19495 19736 19129 18438 20717 18322 18329 21326 20966 19390 20254 19956 18322 21001 19413 17308 16066 19874 18270 19955 17352 18269 16636 19001 16713 16935 19359 18196 17333 17801 19296 19946 16219 17358 18973 19231 21473 17953 16903 17947 17706 18128 18657 18422 17455 17844 19515 20256 18220 20170 20277 17827 16288 16472 17959 18488 18265 18193 17216 20629 19805 20732 21856 20093 18198 19424 17286 16214 16237 18144 17100 17855 19497 17758 18900 20980 20542 17622 16979 18723 18819 18268 19079 20068 20306 18351 17922 20009 20597 18244 16896 21563 20601 19887 19812 17976 19305 18647 18256 18825 19280 19990 19217 18829 18626 18072 16867 16597 18109 17817 17364 18874 17582 16888 20457 18830 18914 21395 17463 15330 15909 18647 16785 18281 17936 18189 18496 20061 19346 19305 19412 21165 19583 22076 19273 19062 18533 18788 16150 15914 16134 15755 16020 17143 21267 19702 19200 17758 16773 17671 17521 17697 17760 19580 19366 18643 22290 19409 19211 20173 20531 17424 18619 17443 15651 16654 17430 17375 18529 21337 20414 17770 17243 17060 18496 17337 18080 18543 19145 21738 22459 22975 19540 17831 18508 18663 16715 17710 22863 20966 19548 19098 20389 17735 20565 18081 18155 17323 19028 21041 17914 16459 15710 16748 19043 18241 18147 17904 18106 18479 16890 17269 18172 18769 20801 18761 15512 17384 17844 17504 17227 16362 17579 17307 18160 21225 17780 15276 16509 19162 17863 18603 19446 18978 19716 18147 17948 16862 18992 20447 17242 16701 18160 19455 18891 18415 17053 16116 17150 17113 18605 18914 17773 18204 19583 17903 16895 17557 17245 19335 18035 16905 19172 19760 20331 18658 19092 20876 20916 18426 20942 16709 15387 18853 20148 19712 17714 17829 19267 19178 17524 17716 17071 19654 21529 19043 22169 17172 17646 17711 20438 19024 20094 21287 16251 17188 16744 17475 17589 19617 19382 20427 19139 21558 21035 19471 21040 17353 22087 19434 20110 19106 21706 21671 19989 19421 17534 18989 21980 18174 18505 18761 18069 22955 22858 18217 21411 20556 18959 20456 23810 21174 17792 16728 21411 23163 23540 18560 21907 24799 21894 17305 19220 18598 19177 21817 24758 21514 18572 19472 19670 20549 19765 20061 18636 20395 19392 18907 23636 21179 16979 14504 17127 19037 18728 19139 18787 19547 19283 20651 20814 17320 18002 19608 18747 18111 18112 20343 22957 22576 21301 19375 16563 16797 17005 19558 18913 17744 18421 17006 19303 18324 18685 16590 19234 20241 19951 19040 19052 20904 18532 17680 20811 18213 17016 20642 20614 19995 18352 18518 18540 19217 19875 19298 18858 16909 18652 18072 17986 19224 20534 20692 18630 20057 19153 21727 21049 19156 19583 18318 21712 21351 22535 24321 22112 20251 22392 20175 17851 19079 19265 18076 24276 19958 18872 19607 19592 21238 20104 19065 18279 17127 22303 19197 



länge: 329012
Durchschnittlich: 415,538
https://ContentService-srv-stellar-parrot-hp.cfapps.us10-001.hana.ondemand.com/api/ListedSubstanceContentService/ListedSubstances?$filter=((LastChangeDateTime%20gt%202019-07-29T14:56:22Z)%20and%20(ListedSubstanceReferenceUUID%20ne%20null))
951 241 242 227 226 224 223 225 225 224 223 224 221 221 223 223 223 323 323 323 326 323 319 319 322 320 418 414 415 321 322 326 323 323 323 320 321 321 322 326 419 416 415 413 415 509 417 423 418 421 418 415 417 422 515 419 418 418 417 417 414 416 413 427 413 412 415 414 412 476 328 444 417 615 525 520 518 519 522 510 420 419 416 425 418 415 414 425 414 415 415 325 325 329 323 318 320 324 322 383 519 515 514 510 420 419 418 418 417 417 421 518 517 429 419 420 416 418 418 414 414 413 418 414 414 414 414 418 537 420 420 416 414 440 420 513 513 432 420 419 441 448 452 416 417 415 418 414 412 413 323 321 323 413 420 416 517 518 516 510 516 421 420 417 419 415 417 415 415 417 413 418 324 321 322 321 415 417 419 416 413 322 414 416 415 416 419 416 558 520 517 514 514 664 619 519 517 513 520 520 513 513 420 417 417 418 416 417 413 420 412 467 445 353 323 323 320 322 318 411 413 410 321 319 411 418 419 414 417 414 411 413 420 512 418 419 515 516 513 515 515 421 418 417 422 419 416 415 416 415 414 415 415 327 415 425 415 421 415 412 413 414 321 419 510 419 416 418 416 422 418 422 415 414 415 415 418 322 328 320 321 416 428 425 515 516 603 424 438 417 419 417 418 513 515 515 422 419 419 416 416 419 415 416 419 420 413 414 414 416 421 512 417 425 420 418 415 414 414 415 414 427 412 414 420 413 323 319 321 320 322 320 416 414 416 414 320 321 323 321 323 321 319 323 319 324 415 418 421 515 514 510 419 516 520 520 518 514 518 422 417 479 422 439 422 418 416 413 413 412 413 413 413 323 321 322 319 320 414 419 421 420 514 514 419 418 419 416 417 416 417 416 413 415 413 409 425 421 419 422 417 415 415 615 516 428 518 613 521 519 519 519 512 509 420 416 419 419 418 417 416 416 414 416 414 321 412 516 608 518 517 538 587 555 512 422 419 422 416 419 420 514 514 420 418 426 414 424 414 416 414 416 417 414 414 416 413 418 511 420 419 415 415 414 414 415 411 412 417 464 420 415 418 413 414 415 415 413 411 414 414 412 416 412 322 322 321 321 325 322 416 416 413 414 412 323 322 418 417 419 



länge: 24389769
Durchschnittlich: 14619,964
https://ContentService-srv-stellar-parrot-hp.cfapps.us10-001.hana.ondemand.com/api/ListedSubstanceContentService/ListedSubstances?$filter=((LastChangeDateTime%20gt%202019-07-29T14:56:22Z)%20and%20(ListedSubstanceReferenceUUID%20ne%20null))&$expand=ListedSubstanceNames
11535 12429 17257 15053 19355 10685 16908 14875 13669 11241 12911 19447 20012 18059 19886 25366 24270 10403 10621 13706 11276 10056 11288 11988 17609 13466 18316 16130 16594 7941 10266 13052 9301 12957 15955 22252 10574 11227 14862 9255 16229 10329 10649 13583 10511 14609 13595 7531 9312 13898 20556 14758 14373 13035 19846 8167 9971 10945 12422 14203 16390 20186 13111 13804 16098 18327 14393 18408 13750 16437 11360 7644 7984 13186 17137 16133 14640 10296 9289 15401 10963 13137 11766 12328 14604 12769 14440 16691 16646 11032 10992 13868 9961 19677 12574 13384 14239 16003 8903 11291 15507 13094 14927 15680 17642 10113 13211 15224 14665 13901 21217 14771 12308 13556 7797 15193 14579 10909 17885 10702 15821 13160 10124 9853 9844 14599 8243 10614 18287 8563 12297 12245 15109 16021 13813 15632 12285 22843 17952 15848 14199 14005 12736 11630 12138 10933 11353 14781 12159 14441 14148 8222 15124 21661 16549 15637 15076 16038 15476 11979 15230 17018 16739 15566 13860 12127 19942 12924 16229 22349 19009 14641 16389 18080 15110 14480 19733 14761 14832 14968 18741 15128 11404 13497 16458 15677 10691 16451 23143 16491 12478 18728 17742 16267 12614 21113 15089 16791 22479 11649 16152 13515 14248 13659 10571 13007 13469 17817 16310 14512 13773 15138 9502 9925 13100 13346 16806 11741 13125 18008 25163 11511 16503 17960 17728 14424 17552 17025 13693 9364 12607 13275 20401 17850 20440 21620 16247 18748 17405 14502 7974 13409 17466 12540 16167 12921 16834 11376 15081 9803 10002 15652 12960 15504 13152 17516 14389 18548 12544 21961 10480 10579 9742 9630 12329 12917 12313 13614 19163 13451 10543 9972 10118 15946 18699 17576 16260 19271 9514 13984 14944 14631 11974 7076 11466 11110 14387 11821 10801 16118 19570 15900 12539 11604 17863 16985 13791 16423 15740 15148 16315 9384 20499 19096 13285 23311 13920 14689 16582 20249 19918 20108 20950 17116 22342 21882 17288 25949 15409 9337 14642 14174 11076 14151 18678 13148 23446 17686 14104 12370 19467 16964 15121 18690 17045 17131 14862 24741 10110 10721 13919 18783 15506 14681 14049 17467 12313 9721 16243 16156 16616 12502 26340 13654 11798 24225 24608 10973 9703 11318 28086 17330 14391 9987 13112 6983 9223 10908 11197 16320 8837 9930 13768 9322 19590 14172 14532 13457 14760 8269 9567 16397 13382 18621 12965 15968 12182 16471 8058 8068 11766 14083 17882 12895 12503 14516 20263 18923 15291 16695 14670 14207 14268 23086 21161 13086 14112 14121 10369 10085 16845 19591 16711 10534 9659 10251 16730 18192 22071 19652 21910 13289 16324 14952 12584 14315 13096 12878 13927 13535 8573 18623 17054 8396 8594 9837 15784 15671 14947 11609 10525 21804 19737 14740 15196 14156 10238 16862 20536 13377 15603 14025 17557 10873 9826 12765 10136 16370 15562 14374 15495 33285 13069 10361 16917 12669 12776 16117 18760 15421 13018 14413 20878 13546 6461 10727 18416 13454 13835 8878 12954 19250 14944 9246 12573 17233 17078 11402 7023 9538 15983 19348 12015 6443 7161 19247 19833 15818 20510 12838 



länge: 5
Durchschnittlich: 327,308
https://ContentService-srv-stellar-parrot-hp.cfapps.us10-001.hana.ondemand.com/api/ListedSubstanceContentService/ListedSubstanceConditions/$count?$filter=(LastChangeDateTime%20gt%202019-07-29T14:56:22Z)
378 121 322 316 322 321 328 325 320 328 320 322 422 326 325 323 324 321 374 331 321 112 314 361 324 314 318 318 321 316 431 318 323 315 321 322 322 320 318 319 370 325 336 325 331 327 324 314 320 321 316 2428 318 318 360 319 321 318 328 320 317 323 429 322 328 112 342 317 314 317 317 322 363 331 109 314 317 321 324 321 314 354 321 313 351 316 116 327 325 323 323 324 320 320 324 320 398 325 319 326 323 324 315 317 326 323 328 392 344 324 321 324 319 320 319 319 377 326 318 328 367 324 322 342 324 324 316 323 318 321 329 325 350 323 323 322 316 319 317 339 322 386 320 318 343 116 322 317 323 326 364 315 454 328 316 317 312 323 319 314 322 321 513 324 118 326 325 325 318 320 380 314 316 323 349 320 332 331 320 320 377 325 322 324 352 322 354 320 329 329 321 320 322 111 325 328 319 340 340 318 325 329 326 327 350 384 329 320 321 373 327 318 320 317 324 110 347 322 327 326 319 323 347 325 327 324 327 317 363 327 329 328 322 322 322 318 330 324 321 324 345 331 388 318 358 316 113 327 320 320 316 325 327 339 318 336 318 321 323 326 320 313 325 317 323 350 329 328 327 320 368 320 321 386 322 325 378 343 323 323 326 326 317 324 323 322 323 422 315 368 325 315 324 328 323 322 315 321 331 328 326 349 394 322 319 324 330 351 366 321 317 326 322 329 325 319 324 328 321 371 320 454 325 315 328 312 327 316 325 325 320 404 434 318 320 320 322 336 325 320 324 322 324 379 312 320 336 321 319 323 112 322 317 319 326 358 324 322 316 323 113 321 317 319 112 319 321 112 341 317 324 322 325 314 363 325 317 376 318 326 326 320 328 322 322 329 348 316 318 327 322 322 322 323 110 317 317 323 364 321 340 344 316 315 327 313 319 318 317 320 359 429 322 319 321 324 325 313 321 324 317 327 394 320 325 325 322 327 323 318 327 320 327 325 329 322 333 325 322 327 324 331 322 321 321 381 349 321 332 319 315 326 328 318 326 323 411 327 113 421 319 325 320 326 319 383 322 388 349 317 319 344 327 319 319 322 112 320 317 397 320 329 322 342 318 326 318 316 323 322 338 321 321 320 318 343 324 324 330 316 



länge: 174494
Durchschnittlich: 251,424
https://ContentService-srv-stellar-parrot-hp.cfapps.us10-001.hana.ondemand.com/api/ListedSubstanceContentService/ListedSubstanceConditions?$filter=((LastChangeDateTime%20gt%202019-07-29T14:56:22Z))
1127 263 145 136 127 129 125 128 125 128 125 328 230 459 226 224 225 225 222 222 223 221 223 223 224 222 224 222 218 222 222 219 223 221 222 220 224 220 222 223 222 224 224 221 221 220 220 226 224 226 223 225 222 221 222 221 223 222 224 222 327 223 224 240 225 224 223 228 225 226 227 225 224 226 223 226 222 223 223 225 225 224 222 222 223 222 226 326 225 236 230 261 421 326 324 323 320 325 323 324 325 322 321 322 321 390 322 367 320 321 322 319 319 320 320 320 329 225 227 231 224 224 223 224 224 230 224 224 224 326 419 320 320 321 322 401 323 323 322 320 322 323 324 425 326 323 325 328 323 323 323 324 324 323 322 321 323 320 321 356 320 325 320 320 324 223 227 230 224 226 223 223 226 224 225 224 223 227 225 224 230 226 284 223 224 222 227 224 230 230 225 226 225 225 225 221 326 323 226 223 227 226 226 226 227 227 223 224 223 222 229 223 231 298 224 223 223 224 275 244 223 267 225 223 225 227 221 254 258 286 279 275 273 223 255 269 283 264 267 226 225 222 323 225 227 226 224 224 227 224 223 225 222 223 222 226 221 225 223 224 224 322 225 224 225 226 225 226 225 226 224 225 225 224 226 224 224 223 222 225 225 224 225 225 223 263 224 222 320 321 227 223 224 225 228 225 225 226 225 227 320 320 318 320 322 223 222 224 223 225 222 329 323 324 322 320 323 321 320 319 318 320 320 322 324 322 322 226 225 224 232 224 226 224 224 223 225 223 233 224 223 221 229 255 247 221 267 223 224 222 223 226 223 231 687 324 223 225 225 226 223 226 225 230 224 225 226 226 226 227 225 223 223 225 225 225 225 224 285 227 223 224 222 223 227 229 226 228 227 222 222 225 226 224 225 221 225 225 227 226 225 223 223 320 233 235 226 223 226 223 224 225 224 230 225 223 223 223 228 222 224 224 225 225 224 222 323 226 223 224 224 322 321 320 319 320 318 318 321 318 321 358 319 322 321 222 224 222 226 224 222 223 225 224 223 222 223 223 223 223 223 222 227 223 224 221 226 223 223 228 224 276 225 262 270 265 239 260 243 275 273 224 255 268 283 239 222 222 323 223 223 223 224 222 223 272 222 223 222 223 


-------------------------------------------------------------
JAVA ALT
-------------------------------------------------------------

länge: 6
Durchschnittlich: 340.152
https://ContentService-srv-stellar-parrot-hp.cfapps.us10-001.hana.ondemand.com/api/ListedSubstanceContentService/ListedSubstances/$count?$filter=(LastChangeDateTime%20gt%202019-07-29T14:56:22Z)
1006 340 354 339 344 341 432 346 331 333 345 354 331 349 330 346 330 442 332 341 336 341 331 376 331 336 338 419 387 328 330 334 333 339 331 369 330 329 333 335 325 342 336 333 338 337 334 389 119 340 334 333 117 337 329 327 330 336 336 387 329 330 337 335 331 342 333 117 327 329 318 371 325 359 337 324 327 328 325 333 323 328 325 375 330 325 328 331 331 331 336 208 329 328 326 373 330 325 328 325 320 326 335 323 326 330 331 592 328 325 335 327 327 329 334 322 332 324 553 374 372 326 331 328 325 329 339 331 328 574 334 383 329 342 337 326 329 340 116 328 330 333 331 355 331 328 325 331 330 447 330 326 335 325 333 354 326 326 331 320 326 337 323 581 331 331 333 365 326 331 328 330 321 325 450 329 330 329 403 466 332 332 324 321 332 349 327 329 330 328 327 369 334 333 326 327 334 326 324 325 323 326 328 360 325 328 322 442 432 325 351 114 319 326 322 342 333 354 330 649 323 369 326 321 321 322 320 324 328 326 450 320 114 346 373 323 442 319 327 465 327 325 331 333 334 331 331 325 330 329 329 355 326 331 331 323 331 334 328 322 330 326 333 365 605 323 326 323 323 327 326 323 322 323 328 627 411 329 332 334 330 323 328 325 329 333 337 353 325 321 331 325 329 333 342 329 331 333 328 342 328 326 325 321 324 379 326 324 328 325 324 361 330 327 330 323 330 322 329 327 685 324 327 409 331 332 328 323 327 327 325 339 330 323 322 365 120 327 327 338 328 325 331 324 328 322 324 358 323 330 331 326 467 323 327 326 323 364 328 347 334 324 326 329 324 350 335 326 335 333 329 349 325 322 320 327 577 323 325 326 328 401 320 366 321 322 324 391 321 119 318 325 322 322 320 320 363 320 326 321 320 324 323 320 321 319 327 318 346 330 710 326 327 332 330 328 122 333 325 115 378 581 328 330 325 319 325 326 325 322 325 321 557 331 326 331 326 331 331 331 328 328 327 325 353 328 323 329 330 326 329 322 329 331 330 326 458 336 328 329 327 324 326 329 328 329 514 332 347 337 328 326 321 336 332 323 321 585 330 335 344 330 324 320 325 331 328 330 481 324 330 329 366 328 333 331 332 331 329 325 



länge: 297805
Durchschnittlich: 347.304
https://ContentService-srv-stellar-parrot-hp.cfapps.us10-001.hana.ondemand.com/api/ListedSubstanceContentService/ListedSubstances?$filter=((LastChangeDateTime%20gt%202019-07-29T14:56:22Z)%20and%20(ListedSubstanceReferenceUUID%20eq%20null))
828 640 227 135 131 132 130 131 132 129 131 138 132 131 425 225 226 225 226 227 230 224 319 228 230 229 323 324 321 322 320 328 329 324 323 324 322 322 324 455 325 323 323 321 320 322 319 319 329 418 325 324 321 323 321 428 424 420 325 323 327 329 327 328 329 325 325 330 327 329 320 325 321 324 328 323 323 320 322 321 418 417 325 325 325 324 332 322 333 421 416 327 321 328 327 324 325 323 347 324 327 326 325 326 326 329 420 419 327 329 324 326 325 325 326 323 325 321 325 320 321 324 326 331 324 325 325 324 328 342 323 467 324 322 322 333 319 321 325 323 322 324 230 228 228 327 326 324 327 326 320 319 321 323 227 322 328 323 324 322 321 396 376 563 515 451 445 417 325 323 326 326 332 325 324 327 323 325 324 334 419 422 326 324 323 326 326 322 322 323 324 320 322 323 328 323 329 323 322 321 323 322 322 323 329 324 321 427 327 323 322 328 324 325 325 324 322 321 318 320 319 418 324 428 406 324 321 324 321 321 324 320 318 319 321 322 321 321 319 320 320 321 318 318 323 319 317 320 319 320 321 417 337 324 325 325 321 319 318 321 323 319 318 320 317 319 326 331 323 326 324 321 320 322 318 324 323 322 317 320 317 319 319 326 314 320 559 326 326 323 322 321 325 319 323 320 419 427 325 327 325 328 324 326 425 422 420 418 419 424 421 421 421 329 438 397 329 325 323 326 325 325 323 326 320 321 324 324 320 322 320 320 326 417 323 322 436 444 422 533 614 612 509 325 323 323 324 321 335 418 425 421 445 417 417 420 422 418 422 325 325 326 322 323 327 324 323 325 325 328 421 421 449 1319 622 528 526 530 523 523 520 427 426 421 424 418 421 421 421 419 324 1028 428 432 424 428 425 509 325 334 327 326 326 327 324 326 325 333 321 324 322 320 326 325 323 319 320 321 322 321 321 321 419 423 324 325 324 324 322 423 420 420 422 324 324 336 327 322 328 424 429 424 421 420 418 324 327 324 325 326 325 324 326 324 323 326 324 324 325 323 321 322 321 321 358 320 325 322 320 320 321 318 323 321 319 416 324 325 372 398 425 422 418 324 325 327 323 323 322 324 338 323 322 321 365 414 527 615 430 473 



länge: 6604032
Durchschnittlich: 19913.562
https://ContentService-srv-stellar-parrot-hp.cfapps.us10-001.hana.ondemand.com/api/ListedSubstanceContentService/ListedSubstances?$filter=((LastChangeDateTime%20gt%202019-07-29T14:56:22Z)%20and%20(ListedSubstanceReferenceUUID%20eq%20null))&$expand=ListedSubstanceNames
21226 19561 19692 19225 20134 19802 18062 21401 20675 22024 19587 20730 19808 20199 19749 18226 16220 21887 18596 17467 16562 17987 18795 19630 21224 20063 18943 19446 17632 18904 19870 18807 19871 21470 20169 20123 19775 19529 18573 20714 23667 22944 20043 17475 17369 21387 19665 16315 17960 17319 18666 21394 20341 17519 17202 19850 20525 19329 19429 18181 20975 21956 21305 18482 19262 18018 21209 20966 20631 17813 17230 17654 18930 18166 19009 20982 19104 20360 19102 19149 19789 21088 21973 19136 18608 18630 19307 19992 23620 21627 19207 20663 19554 19564 19278 21891 19139 19414 22751 21734 18843 20584 21999 17300 17834 16718 20012 19621 19477 21599 22054 19711 18844 17813 19217 21831 17949 19594 21243 20431 19646 21432 19371 20320 25097 21633 21603 21002 19030 19561 19503 17387 18146 17972 19584 19723 18526 16947 16399 19549 22005 19846 22454 21246 19721 20404 19406 17686 20829 21963 23207 20526 21351 18209 23966 21028 16453 18204 19791 20078 19741 24054 19599 22969 21406 19663 18321 18819 19799 22028 23064 25452 21365 19181 22451 23115 18595 19553 18010 20909 23478 23713 19693 15750 18158 18915 21024 19885 16587 19073 20048 22099 22881 19969 16356 21129 19256 19012 17739 19841 19965 19542 20275 23605 23901 24207 19180 18154 18355 19323 20509 21836 21415 18939 20555 19738 20091 20467 18634 21042 21130 20485 21289 19332 20814 20676 19865 18707 20477 20436 19928 19427 22177 19585 15397 18615 19062 17932 18805 18423 23374 20334 20194 19957 21960 20437 21984 18789 18587 18351 19089 21319 19697 20677 20239 19762 19908 18751 22033 18810 18498 21526 18268 19690 20772 19935 19902 22625 18474 16370 22485 21239 17596 21717 19897 18991 22079 21277 22713 24277 21443 16369 17890 18760 16610 19944 18411 18804 22052 20502 18699 18615 19873 19520 24048 22360 20362 21286 19519 18381 19847 19455 18870 19327 20011 21989 21216 18900 17199 19666 24263 21145 17490 21706 20083 19080 18613 19151 19827 20675 22895 22885 21879 20905 19562 18824 19864 19147 18864 19266 18591 18701 18369 18721 18502 19400 21641 18733 17255 21500 21184 19968 19128 19693 20163 22315 18994 18764 17140 20598 20406 24365 22756 20274 21370 21325 20590 20502 18224 18437 18615 21744 20588 16391 18195 20908 19445 20222 18248 18880 17719 17627 19542 20581 19606 20239 18298 20085 20784 21542 23159 18797 20434 17875 21198 20134 20842 19084 19957 20231 17394 21305 19930 19303 21109 20384 20139 19702 18623 17576 18331 19591 19863 18694 18525 20551 20021 18600 18852 20494 19608 21919 18661 17178 18322 20184 18297 20325 21288 18641 18337 17909 21844 20223 18088 18711 19045 20758 22030 20367 20216 17589 17059 19283 19520 20276 19229 22249 21351 20274 19122 21494 20500 20703 22433 21196 21006 21825 20472 19587 20890 22367 19373 18940 18722 21661 22108 19158 22600 19574 17923 22121 20801 18208 17542 18929 18393 19731 19778 20735 22296 20265 20405 17549 18774 18566 16970 19693 20458 19430 18899 18579 21847 24657 22490 17796 19371 17765 18514 19906 22552 22751 22931 24417 19471 16537 18736 19793 18896 18914 



länge: 329012
Durchschnittlich: 377.71
https://ContentService-srv-stellar-parrot-hp.cfapps.us10-001.hana.ondemand.com/api/ListedSubstanceContentService/ListedSubstances?$filter=((LastChangeDateTime%20gt%202019-07-29T14:56:22Z)%20and%20(ListedSubstanceReferenceUUID%20ne%20null))
887 341 145 135 129 130 236 226 224 224 224 259 280 272 273 330 276 274 271 251 631 430 525 429 428 428 423 427 425 426 427 531 525 428 424 426 424 425 448 446 477 426 425 436 424 422 423 424 331 426 431 426 424 421 420 420 423 328 327 329 329 331 423 428 425 423 421 428 423 419 385 324 327 324 324 326 329 328 329 330 329 328 329 328 329 331 429 427 424 424 330 326 428 427 425 428 424 425 425 424 425 421 423 421 424 328 330 327 326 329 329 330 327 330 328 422 427 525 601 487 448 424 427 425 426 426 423 426 425 423 422 425 423 523 427 422 425 421 424 425 421 327 328 329 330 328 325 325 325 330 328 328 329 325 325 395 327 323 322 420 433 422 329 424 490 495 695 614 615 592 531 526 428 429 427 428 427 424 425 423 423 475 419 334 327 327 326 328 329 327 327 324 324 328 330 354 326 359 322 327 328 324 421 422 420 326 326 326 325 328 328 328 328 330 329 335 330 325 426 427 426 426 343 331 330 333 326 326 327 325 329 325 326 328 328 330 335 424 422 424 328 327 326 329 329 329 325 327 329 327 324 328 326 327 326 329 325 443 423 436 522 527 511 437 427 426 424 426 425 423 422 426 429 424 424 328 330 327 328 329 354 348 329 328 325 426 425 423 329 326 326 366 325 362 424 419 421 425 421 426 420 417 328 424 327 327 326 326 333 335 330 328 418 427 424 420 328 328 329 326 330 329 326 326 405 414 367 378 510 464 523 332 328 328 330 328 328 329 325 325 328 326 324 326 327 340 327 323 326 328 329 324 325 325 326 326 328 327 324 321 321 361 322 322 321 323 323 249 284 775 329 326 328 321 322 325 324 318 228 229 228 231 797 431 427 427 421 426 424 455 423 419 421 420 326 422 423 421 424 419 423 422 419 325 326 328 330 327 326 326 325 325 327 330 425 423 424 422 429 417 329 324 326 325 325 328 323 328 324 328 420 421 424 420 419 331 327 327 326 418 429 428 428 426 421 422 424 426 418 437 449 485 459 425 427 423 420 422 424 426 327 327 329 421 422 329 330 329 326 327 327 330 384 328 327 326 328 325 325 327 325 325 330 422 324 325 330 358 713 547 545 475 525 428 423 429 426 426 425 420 



länge: 24389769
Durchschnittlich: 14410.32
https://ContentService-srv-stellar-parrot-hp.cfapps.us10-001.hana.ondemand.com/api/ListedSubstanceContentService/ListedSubstances?$filter=((LastChangeDateTime%20gt%202019-07-29T14:56:22Z)%20and%20(ListedSubstanceReferenceUUID%20ne%20null))&$expand=ListedSubstanceNames
13342 17030 11183 18417 13002 11559 15023 20091 14208 12509 10175 21347 21176 11227 13200 17431 10265 13464 11163 11207 18690 15428 14409 11287 16665 8794 14088 11444 12693 13315 13101 12460 15806 16354 13014 9226 9326 9798 15538 9731 12645 17754 19811 23352 16054 28517 16512 20109 26695 24160 21256 19904 13839 15655 16427 16165 10540 19810 18777 15388 12131 15532 13711 14663 8145 7908 20160 11914 12225 9001 11515 14547 13870 12399 11062 16069 21919 13230 8785 11082 18347 13417 14324 11732 15713 11581 10716 12883 12884 14237 9970 10220 16101 11932 20457 10452 15503 11210 21526 12545 17457 9899 17591 14991 11037 10972 13164 16207 12343 15081 10426 19322 11865 11926 11539 19098 8737 10918 9925 12701 21922 14339 10914 12753 18702 18843 12397 9312 10623 12897 14052 13097 15759 14569 13215 13283 9313 9360 15332 17247 11566 11819 20965 14813 10806 13869 17145 9461 18021 12229 17721 13268 17598 14566 18142 10675 11491 16343 13264 14812 10545 15912 11621 15599 13692 18185 12197 17730 8415 10230 14986 14741 16857 13863 15191 18752 9026 9963 10554 12930 15392 16028 14667 16105 21357 15983 12499 8894 18949 15201 8488 13127 19549 14788 11099 11523 21344 12852 15031 16318 20418 13724 14597 7888 16873 15012 26365 20768 15426 15102 14059 20581 14180 14565 9574 9990 13421 10220 14361 16078 19260 14562 16738 16391 13585 11927 12291 10639 9808 14610 10112 9156 12916 9902 22470 12620 14666 10270 15457 11477 9527 9784 13830 18007 13427 9693 14815 16772 14444 11983 19613 17175 13894 11929 12011 15730 14189 12528 11017 15031 15700 12821 11396 8859 15532 12732 13520 10872 11213 19143 13423 12759 12256 14959 16715 16211 12322 16915 13209 15237 12927 12563 15682 18263 15324 14017 13295 11596 15055 13664 19751 13647 14080 12275 19544 18733 13647 8690 16856 11312 12121 14222 14065 10574 13940 13900 15192 18768 10098 9642 15595 22243 15722 9957 9344 9893 14103 13046 14858 15148 15000 14878 11971 11937 18318 7629 11468 10306 15282 17010 15470 10582 11889 18730 16160 14023 17862 28048 18990 22586 14490 14223 13098 12963 23720 15944 8528 15004 12119 10346 16133 13563 17468 13730 15590 15124 19720 12290 12966 11327 19296 15919 18468 9170 13527 9766 7280 8692 13884 14738 16895 14009 19596 22745 14483 11060 20361 19156 17892 13348 22087 17047 10760 13308 12629 9883 15204 11697 13484 12346 13381 13638 8785 17993 9112 15778 10123 14211 14992 14809 17080 17229 14398 14195 20471 17694 14910 15244 14359 17768 16768 14217 9476 15340 12177 11579 17970 9941 18182 11169 14381 15194 16221 13854 11751 16157 13291 17103 12331 13451 11882 16725 15174 17088 9807 15210 11225 13444 10826 15036 13969 14390 18227 9137 12607 10853 11162 19835 18695 17113 11518 16731 14161 22651 23741 22435 17717 21209 22183 20317 20459 16758 18953 13764 14238 17277 15093 19931 12368 10932 14574 10601 7949 10871 9872 16502 12032 11134 18982 11980 13266 12416 16979 11068 10419 20129 13156 14081 9076 10794 18530 16707 15414 17206 16679 9475 13426 12458 25132 11810 



länge: 5
Durchschnittlich: 324.836
https://ContentService-srv-stellar-parrot-hp.cfapps.us10-001.hana.ondemand.com/api/ListedSubstanceContentService/ListedSubstanceConditions/$count?$filter=(LastChangeDateTime%20gt%202019-07-29T14:56:22Z)
371 319 318 316 368 319 447 325 324 320 324 322 323 325 325 327 320 327 347 328 319 325 320 327 327 325 323 320 329 319 360 328 320 319 320 318 321 326 694 317 321 330 360 326 332 320 329 326 322 199 325 321 326 322 350 322 313 323 318 315 325 317 318 111 318 315 346 323 318 319 319 323 326 322 318 326 322 319 456 322 325 326 320 648 320 320 321 323 326 321 367 320 330 320 378 319 323 327 324 321 320 324 362 326 321 446 325 324 320 321 318 324 317 324 363 327 318 318 316 317 317 321 319 321 318 319 362 325 569 433 323 318 324 318 319 323 322 320 360 727 330 319 321 320 321 325 322 327 116 320 491 315 322 321 322 318 325 316 383 322 316 321 338 112 318 319 324 319 315 324 320 318 323 320 347 321 325 333 323 316 325 326 324 324 726 321 346 330 321 318 323 318 317 322 319 230 316 317 349 315 316 316 321 321 322 316 315 397 319 314 351 323 321 321 325 320 111 325 315 364 317 322 314 343 316 314 320 320 320 541 317 314 315 320 322 350 315 326 321 319 480 110 320 314 322 320 319 316 354 317 317 321 321 317 322 320 321 320 320 321 348 321 322 318 325 318 323 319 319 318 321 321 364 377 640 315 318 316 330 323 326 320 314 320 341 378 322 314 314 319 188 320 317 112 319 321 320 343 316 316 312 318 318 320 312 315 110 318 325 343 316 110 110 317 313 317 317 320 319 314 312 342 324 313 318 321 317 316 311 322 323 319 320 348 320 324 323 321 318 320 319 327 316 319 322 356 334 319 313 318 317 454 310 321 319 326 317 398 327 318 323 332 388 325 322 316 316 321 321 354 316 376 326 316 320 320 315 318 316 318 318 359 320 330 324 326 321 316 316 320 314 317 318 114 356 312 406 109 319 319 317 316 318 313 316 320 348 360 324 312 318 317 318 318 330 312 316 319 363 321 325 319 382 327 320 316 323 323 317 322 372 331 322 316 316 326 319 321 323 319 322 414 343 324 322 320 112 316 320 314 319 320 371 323 111 447 321 320 313 116 314 315 370 316 316 316 314 339 313 319 319 327 315 319 316 394 328 321 318 346 324 322 321 318 320 383 365 317 318 318 109 317 318 317 317 316 323 396 320 317 



länge: 174494
Durchschnittlich: 218.71
https://ContentService-srv-stellar-parrot-hp.cfapps.us10-001.hana.ondemand.com/api/ListedSubstanceContentService/ListedSubstanceConditions?$filter=((LastChangeDateTime%20gt%202019-07-29T14:56:22Z))
803 275 146 130 863 128 122 121 129 123 1254 126 124 123 123 125 124 125 125 127 126 123 126 124 123 124 123 123 124 123 124 124 123 123 122 124 125 121 123 124 123 123 121 120 122 122 123 123 125 125 120 123 123 122 121 121 121 122 121 120 121 123 122 124 127 124 124 123 123 124 120 124 122 123 122 123 123 122 123 125 123 122 124 123 786 221 219 219 219 216 218 222 216 218 219 232 220 217 221 218 216 217 215 316 219 218 220 219 218 218 220 219 217 222 222 218 219 218 221 304 220 217 220 222 221 321 218 221 221 222 220 221 222 222 224 219 218 223 221 220 221 221 221 226 224 225 220 222 220 223 218 321 221 223 220 221 220 220 220 223 221 223 239 220 223 222 220 221 220 223 222 225 222 322 316 225 220 223 224 222 223 224 220 220 221 221 219 224 223 220 223 222 222 222 227 221 244 271 253 263 337 417 279 271 275 269 227 223 222 224 258 222 318 315 317 320 324 320 226 223 222 223 221 224 223 225 223 222 222 221 222 221 221 220 222 220 221 221 222 220 218 220 223 220 219 218 220 220 222 219 220 219 220 247 219 226 221 221 219 218 218 219 220 219 221 219 220 224 219 218 217 220 221 219 219 220 216 216 215 218 216 216 328 220 224 217 223 221 223 217 218 218 219 223 217 221 220 218 220 222 214 218 219 218 218 218 357 224 318 315 316 315 317 223 221 221 221 222 221 220 220 220 223 222 222 219 222 219 218 220 221 220 222 222 220 221 222 219 219 221 221 220 221 223 221 222 224 221 220 219 220 218 221 223 220 221 219 222 220 220 221 219 218 222 219 219 218 223 218 219 217 215 219 217 329 221 219 219 219 222 220 311 222 218 220 220 222 228 218 319 221 221 219 223 221 221 222 224 222 219 222 222 223 223 221 220 222 221 218 221 220 223 222 221 221 320 222 219 221 223 222 223 220 221 230 222 219 221 219 223 220 220 219 221 221 218 219 218 220 219 221 325 221 224 220 221 224 223 221 225 223 221 223 221 220 221 289 239 302 289 230 300 271 276 273 342 271 238 222 222 221 223 222 221 220 221 219 226 219 219 219 220 221 218 221 314 219 222 220 227 221 223 221 222 219 222 220 219 221 219 
